Vertex List: 22
1: 0, 0, 0
2: 1, 0, 0
3: 1, 1, 0
4: 0.5, 1.5, 0
5: 0, 1, 0
6: 0, 0, 1
7: 1, 0, 1
8: 1, 1, 1
9: 0.5, 1.5, 1
10: 0, 1, 1
11: 0.3333, 0, 1.001
12: 0.6666, 0, 1.001
13: 0.6666, 0.5, 1.001
14: 0.3333, 0.5, 1.001
15: 1.001, 0.45, 0.2
16: 1.001, 0.6, 0.2
17: 1.001, 0.6, 0.4
18: 1.001, 0.45, 0.4
19: 1.001, 0.45, 0.6
20: 1.001, 0.6, 0.6
21: 1.001, 0.6, 0.8
22: 1.001, 0.45, 0.8
Normal List: 7
1: -1, 0, 0
2: -1, 1, 0
3: 1, 1, 0
4: 1, 0, 0
5: 0, -1, 0
6: 0, 0, 1
7: 0, 0, -1
Color List: 4
0: 255, 0, 0
1: 255, 231, 191
2: 128, 0, 0 
3: 0, 0, 255
Face List: 10
1:4 
0, 5, 9, 4
0, 0, 0, 0
1, 1, 1, 1
2:4 
3, 4, 9, 8
1, 1, 1, 1
0, 0, 0, 0
3:4
2, 3, 8, 7
2, 2, 2, 2
0, 0, 0, 0
4:4
1, 2, 7, 6
3, 3, 3, 3
1, 1, 1, 1
5:4
0, 1, 6, 5
4, 4, 4, 4
1, 1, 1, 1
6:5 
5, 6, 7, 8, 9
5, 5, 5, 5, 5
1, 1, 1, 1, 1
7:5
0, 4, 3, 2, 1
6, 6, 6, 6, 6
1, 1, 1, 1, 1
8:4
10, 11, 12, 13
5, 5, 5, 5
2, 2, 2, 2
9:4
14, 15, 16, 17
3, 3, 3, 3
3, 3, 3, 3
10:4
18, 19, 20, 21
3, 3, 3, 3
3, 3, 3, 3
