Vertex List:17
1: 0, 0, 60
2: -15, 0, 30
3: 15, 0, 30
4: 0, 15, 30
5: 0, 0, -56
6: 0, 2, 27
7: -60, 2, -8
8: 60, 2, -8
9: 0, 7, -8
10: -30, -0.5, -57
11: 30, -0.5, -57
12: 0, -0.5, -40
13: 0, 4, -57
14: 0, 0.5, -40
15: 3, 0.5, -57
16: 0, 25, -65
17: -3, 0.5, -57
Normal List:0
Color List:10
1: 255, 255, 255
2: 255, 0, 0 
3: 0, 255, 0
4: 255, 255, 0
5: 0, 255, 255
6: 128, 128, 128
7: 64, 64, 64
8: 192, 192, 192
9: 255, 128, 255
10: 255, 128, 0
Face List:17
1: 3 
0, 1, 2
-1, -1, -1
0, 0, 0
2: 3 
2, 3, 0
-1, -1, -1
1, 1, 1
3: 3
0, 3, 1
-1, -1, -1
1, 1, 1
4: 3
1, 3, 4
-1, -1, -1
2, 2, 2
5: 3
4, 3, 2
-1, -1, -1
3, 3, 3 
6: 3
2, 1, 4
-1, -1, -1
4, 4, 4
7: 3
5, 6, 7
-1, -1, -1
5, 5, 5
8: 3
7, 8, 5
-1, -1, -1
6, 6, 6
9: 3
7, 6, 8
-1, -1, -1
7, 7, 7
10: 3
5, 8, 6
-1, -1, -1
6, 6, 6
11: 3
9, 10, 11
-1, -1, -1
8, 8, 8
12: 3
11, 10, 12
-1, -1, -1
9, 9, 9
13: 3
12, 9, 11
-1, -1, -1
9, 9, 9
14: 3
10, 9, 12
-1, -1, -1
0, 0, 0
15: 3
13, 14, 15
-1, -1, -1
1, 1, 1
16: 3
15, 16, 13
-1, -1, -1
1, 1, 1
17: 3
14, 16, 15
-1, -1, -1
5, 5, 5




